image_width: 640
image_height: 480
camera_name: narrow_stereo/right
camera_matrix:
  rows: 3
  cols: 3
  data: [588.754360, 0.000000, 312.436610, 0.000000, 587.858819, 243.883998, 0.000000, 0.000000, 1.000000]
distortion_model: plumb_bob
distortion_coefficients:
  rows: 1
  cols: 5
  data: [-0.446364, 0.257079, -0.006024, 0.001685, 0.000000]
rectification_matrix:
  rows: 3
  cols: 3
  data: [0.998712, 0.021608, -0.045902, -0.021918, 0.999740, -0.006262, 0.045755, 0.007260, 0.998926]
projection_matrix:
  rows: 3
  cols: 4
  data: [568.825436, 0.000000, 356.614712, -162.655454, 0.000000, 568.825436, 235.629478, 0.000000, 0.000000, 0.000000, 1.000000, 0.000000]
